200
0.0,0.0
0.07853658655910338,0.0
0.15705379539064146,0.0
0.23553225354821328,0.0
0.31395259764656686,0.0
0.3922954786392247,0.0
0.47054156659257157,0.0
0.5486715554552264,0.0
0.6266661678215213,0.0
0.7045061596879133,0.0
0.7821723252011543,0.0
0.8596455013970477,0.0
0.936906572928623,0.0
1.0139364767825625,0.0
1.0907162069827128,0.0
1.1672268192795268,0.0
1.243449435824274,0.0
1.3193652498268647,0.0
1.3949555301961465,0.0
1.4702016261615198,0.0
1.545084971874737,0.0
1.619587090990747,0.0
1.6936896012264568,0.0
1.7673742188962853,0.0
1.8406227634233896,0.0
1.913417161825449,0.0
1.985739453173903,0.0
2.0575717930255437,0.0
2.1288964578253635,0.0
2.1996958492795757,0.0
2.2699524986977337,0.0
2.339649071302867,0.0
2.4087683705085765,0.0
2.477293342162038,0.0
2.5452070787518566,0.0
2.612492823579744,0.0
2.679133974894983,0.0
2.745114089990659,0.0
2.8104168892606527,0.0
2.875026260216393,0.0
2.938926261462366,0.0
3.0021011266294195,0.0
3.0645352682648825,0.0
3.1262132816785253,0.0
3.1871199487434483,0.0
3.2472402416509185,0.0
3.306559326618259,0.0
3.3650625675488666,0.0
3.422735529643443,0.0
3.4795639829615714,0.0
3.5355339059327373,0.0
3.5906314888159443,0.0
3.644843137107058,0.0
3.6981554748930483,0.0
3.7505553481522975,0.0
3.8020298280001548,0.0
3.852566213878946,0.0
3.9021520366916485,0.0
3.950775061878452,0.0
3.9984232924354526,0.0
4.045084971874736,0.0
4.090748587125117,0.0
4.1354028713728095,0.0
4.179036806841351,0.0
4.221639627510076,0.0
4.263200821770461,0.0
4.303710135019719,0.0
4.3431575721909566,0.0
4.381533400219318,0.0
4.418828150443467,0.0
4.455032620941839,0.0
4.490137878803078,0.0
4.524135262330098,0.0
4.557016383177226,0.0
4.588773128419906,0.0
4.619397662556434,0.0
4.648882429441256,0.0
4.677220154149336,0.0
4.704403844771127,0.0
4.730426794137727,0.0
4.755282581475767,0.0
4.7789650739916505,0.0
4.801468428384715,0.0
4.822787092288991,0.0
4.842915805643155,0.0
4.861849601988383,0.0
4.879583809693736,0.0
4.896114053108828,0.0
4.911436253643443,0.0
4.925546630773869,0.0
4.938441702975689,0.0
4.950118288582788,0.0
4.960573506572389,0.0
4.969804777275899,0.0
4.9778098230154,0.0
4.9845866686656395,0.0
4.990133642141358,0.0
4.99444937480985,0.0
4.997532801828658,0.0
4.999383162408303,0.0
5.0,0.0
4.999383162408303,0.0
4.997532801828658,0.0
4.99444937480985,0.0
4.990133642141358,0.0
4.9845866686656395,0.0
4.9778098230154,0.0
4.969804777275899,0.0
4.9605735065723895,0.0
4.950118288582789,0.0
4.938441702975689,0.0
4.925546630773869,0.0
4.911436253643443,0.0
4.896114053108828,0.0
4.879583809693737,0.0
4.861849601988383,0.0
4.842915805643155,0.0
4.822787092288991,0.0
4.801468428384715,0.0
4.778965073991651,0.0
4.755282581475768,0.0
4.730426794137727,0.0
4.704403844771127,0.0
4.677220154149337,0.0
4.648882429441257,0.0
4.619397662556434,0.0
4.588773128419906,0.0
4.557016383177227,0.0
4.524135262330097,0.0
4.490137878803078,0.0
4.455032620941839,0.0
4.418828150443467,0.0
4.381533400219317,0.0
4.343157572190956,0.0
4.303710135019719,0.0
4.263200821770462,0.0
4.221639627510075,0.0
4.179036806841351,0.0
4.135402871372809,0.0
4.090748587125117,0.0
4.045084971874737,0.0
3.998423292435453,0.0
3.9507750618784514,0.0
3.9021520366916485,0.0
3.852566213878946,0.0
3.802029828000155,0.0
3.750555348152298,0.0
3.698155474893048,0.0
3.644843137107057,0.0
3.5906314888159443,0.0
3.5355339059327378,0.0
3.4795639829615723,0.0
3.422735529643444,0.0
3.3650625675488666,0.0
3.306559326618259,0.0
3.247240241650919,0.0
3.187119948743449,0.0
3.126213281678527,0.0
3.0645352682648817,0.0
3.00210112662942,0.0
2.9389262614623664,0.0
2.8750262602163934,0.0
2.810416889260654,0.0
2.7451140899906603,0.0
2.679133974894985,0.0
2.6124928235797467,0.0
2.5452070787518553,0.0
2.477293342162037,0.0
2.408768370508576,0.0
2.339649071302867,0.0
2.269952498697734,0.0
2.1996958492795766,0.0
2.1288964578253644,0.0
2.0575717930255455,0.0
1.9857394531739052,0.0
1.9134171618254514,0.0
1.8406227634233907,0.0
1.7673742188962849,0.0
1.6936896012264566,0.0
1.6195870909907473,0.0
1.5450849718747375,0.0
1.4702016261615207,0.0
1.3949555301961478,0.0
1.3193652498268662,0.0
1.2434494358242763,0.0
1.1672268192795276,0.0
1.0907162069827139,0.0
1.0139364767825616,0.0
0.9369065729286229,0.0
0.8596455013970479,0.0
0.7821723252011549,0.0
0.7045061596879143,0.0
0.6266661678215226,0.0
0.5486715554552282,0.0
0.47054156659257174,0.0
0.3922954786392253,0.0
0.3139525976465679,0.0
0.23553225354821478,0.0
0.15705379539064118,0.0
0.07853658655910355,0.0
