200
0.0,5.0
0.07853658655910338,4.999383162408303
0.15705379539064146,4.997532801828658
0.23553225354821328,4.99444937480985
0.31395259764656686,4.990133642141358
0.3922954786392247,4.9845866686656395
0.47054156659257157,4.9778098230154
0.5486715554552264,4.969804777275899
0.6266661678215213,4.9605735065723895
0.7045061596879133,4.950118288582788
0.7821723252011543,4.938441702975689
0.8596455013970477,4.925546630773869
0.936906572928623,4.911436253643443
1.0139364767825625,4.896114053108828
1.0907162069827128,4.879583809693737
1.1672268192795268,4.861849601988383
1.243449435824274,4.842915805643155
1.3193652498268647,4.822787092288991
1.3949555301961465,4.801468428384715
1.4702016261615198,4.7789650739916505
1.545084971874737,4.755282581475767
1.619587090990747,4.730426794137727
1.6936896012264568,4.704403844771127
1.7673742188962853,4.677220154149337
1.8406227634233896,4.648882429441257
1.913417161825449,4.619397662556434
1.985739453173903,4.588773128419906
2.0575717930255437,4.557016383177227
2.1288964578253635,4.524135262330098
2.1996958492795757,4.490137878803078
2.2699524986977337,4.455032620941839
2.339649071302867,4.418828150443467
2.4087683705085765,4.381533400219318
2.477293342162038,4.343157572190956
2.5452070787518566,4.303710135019719
2.612492823579744,4.263200821770461
2.679133974894983,4.221639627510076
2.745114089990659,4.179036806841351
2.8104168892606527,4.1354028713728095
2.875026260216393,4.090748587125117
2.938926261462366,4.045084971874737
3.0021011266294195,3.998423292435453
3.0645352682648825,3.9507750618784514
3.1262132816785253,3.902152036691649
3.1871199487434483,3.852566213878946
3.2472402416509185,3.8020298280001548
3.306559326618259,3.750555348152298
3.3650625675488666,3.6981554748930483
3.422735529643443,3.644843137107058
3.4795639829615714,3.5906314888159443
3.5355339059327373,3.5355339059327378
3.5906314888159443,3.4795639829615714
3.644843137107058,3.4227355296434436
3.6981554748930483,3.3650625675488666
3.7505553481522975,3.3065593266182596
3.8020298280001548,3.2472402416509185
3.852566213878946,3.1871199487434487
3.9021520366916485,3.1262132816785266
3.950775061878452,3.0645352682648825
3.9984232924354526,3.0021011266294204
4.045084971874736,2.9389262614623664
4.090748587125117,2.875026260216393
4.1354028713728095,2.8104168892606536
4.179036806841351,2.7451140899906585
4.221639627510076,2.6791339748949827
4.263200821770461,2.6124928235797444
4.303710135019719,2.545207078751856
4.3431575721909566,2.477293342162038
4.381533400219318,2.4087683705085756
4.418828150443467,2.339649071302867
4.455032620941839,2.269952498697734
4.490137878803078,2.1996958492795753
4.524135262330098,2.1288964578253635
4.557016383177226,2.057571793025544
4.588773128419906,1.9857394531739028
4.619397662556434,1.9134171618254492
4.648882429441256,1.8406227634233905
4.677220154149336,1.7673742188962858
4.704403844771127,1.6936896012264575
4.730426794137727,1.619587090990747
4.755282581475767,1.5450849718747373
4.7789650739916505,1.4702016261615205
4.801468428384715,1.3949555301961474
4.822787092288991,1.3193652498268638
4.842915805643155,1.2434494358242736
4.861849601988383,1.1672268192795274
4.879583809693736,1.0907162069827134
4.896114053108828,1.0139364767825636
4.911436253643443,0.9369065729286237
4.925546630773869,0.8596455013970477
4.938441702975689,0.7821723252011547
4.950118288582788,0.7045061596879141
4.960573506572389,0.6266661678215224
4.969804777275899,0.5486715554552268
4.9778098230154,0.4705415665925714
4.9845866686656395,0.392295478639225
4.990133642141358,0.31395259764656763
4.99444937480985,0.2355322535482134
4.997532801828658,0.157053795390642
4.999383162408303,0.07853658655910324
5.0,3.061616997868383E-16
4.999383162408303,-0.07853658655910263
4.997532801828658,-0.1570537953906414
4.99444937480985,-0.23553225354821278
4.990133642141358,-0.313952597646567
4.9845866686656395,-0.39229547863922437
4.9778098230154,-0.4705415665925719
4.969804777275899,-0.5486715554552262
4.9605735065723895,-0.6266661678215207
4.950118288582789,-0.7045061596879123
4.938441702975689,-0.7821723252011541
4.925546630773869,-0.8596455013970481
4.911436253643443,-0.936906572928623
4.896114053108828,-1.0139364767825618
4.879583809693737,-1.0907162069827117
4.861849601988383,-1.1672268192795279
4.842915805643155,-1.2434494358242743
4.822787092288991,-1.3193652498268644
4.801468428384715,-1.3949555301961458
4.778965073991651,-1.470201626161519
4.755282581475768,-1.5450849718747355
4.730426794137727,-1.6195870909907473
4.704403844771127,-1.6936896012264568
4.677220154149337,-1.767374218896285
4.648882429441257,-1.8406227634233887
4.619397662556434,-1.9134171618254476
4.588773128419906,-1.9857394531739034
4.557016383177227,-2.0575717930255437
4.524135262330097,-2.1288964578253635
4.490137878803078,-2.1996958492795757
4.455032620941839,-2.2699524986977337
4.418828150443467,-2.3396490713028664
4.381533400219317,-2.408768370508577
4.343157572190956,-2.477293342162038
4.303710135019719,-2.5452070787518566
4.263200821770462,-2.612492823579744
4.221639627510075,-2.6791339748949845
4.179036806841351,-2.7451140899906594
4.135402871372809,-2.8104168892606536
4.090748587125117,-2.875026260216393
4.045084971874737,-2.938926261462365
3.998423292435453,-3.0021011266294195
3.9507750618784514,-3.064535268264883
3.9021520366916485,-3.1262132816785257
3.852566213878946,-3.1871199487434487
3.802029828000155,-3.2472402416509176
3.750555348152298,-3.3065593266182587
3.698155474893048,-3.365062567548867
3.644843137107057,-3.4227355296434436
3.5906314888159443,-3.4795639829615714
3.5355339059327378,-3.5355339059327373
3.4795639829615723,-3.5906314888159434
3.422735529643444,-3.6448431371070567
3.3650625675488666,-3.698155474893049
3.306559326618259,-3.7505553481522975
3.247240241650919,-3.802029828000154
3.187119948743449,-3.8525662138789456
3.126213281678527,-3.902152036691648
3.0645352682648817,-3.950775061878452
3.00210112662942,-3.9984232924354526
2.9389262614623664,-4.045084971874736
2.8750262602163934,-4.090748587125116
2.810416889260654,-4.135402871372809
2.7451140899906603,-4.17903680684135
2.679133974894985,-4.221639627510074
2.6124928235797467,-4.26320082177046
2.5452070787518553,-4.303710135019719
2.477293342162037,-4.3431575721909566
2.408768370508576,-4.381533400219318
2.339649071302867,-4.418828150443467
2.269952498697734,-4.455032620941839
2.1996958492795766,-4.490137878803077
2.1288964578253644,-4.5241352623300966
2.0575717930255455,-4.557016383177225
1.9857394531739052,-4.588773128419905
1.9134171618254514,-4.619397662556432
1.8406227634233907,-4.648882429441256
1.7673742188962849,-4.677220154149337
1.6936896012264566,-4.704403844771127
1.6195870909907473,-4.730426794137727
1.5450849718747375,-4.755282581475767
1.4702016261615207,-4.7789650739916505
1.3949555301961478,-4.801468428384715
1.3193652498268662,-4.82278709228899
1.2434494358242763,-4.8429158056431545
1.1672268192795276,-4.861849601988383
1.0907162069827139,-4.879583809693736
1.0139364767825616,-4.896114053108829
0.9369065729286229,-4.911436253643443
0.8596455013970479,-4.925546630773869
0.7821723252011549,-4.938441702975688
0.7045061596879143,-4.950118288582788
0.6266661678215226,-4.960573506572389
0.5486715554552282,-4.969804777275898
0.47054156659257174,-4.9778098230154
0.3922954786392253,-4.9845866686656395
0.3139525976465679,-4.990133642141358
0.23553225354821478,-4.994449374809849
0.15705379539064118,-4.997532801828658
0.07853658655910355,-4.999383162408303
